# 通过筛选ETF - 3000万门槛 - 2025-06-28 18:02:21 - 共293个
159696
159201
562500
159890
520660
513120
588930
520990
513200
510720
159751
159628
159357
513160
159567
512680
513060
513110
159607
563080
159611
562570
589080
159605
159227
520700
159699
159851
159330
159985
563550
159359
512880
159998
588170
159688
560510
515290
513130
159667
159561
513650
159316
159338
159831
560610
515980
159992
159593
513660
513550
159545
589770
159792
159735
518880
159740
159513
159569
520830
159857
516010
560090
588060
515170
589000
520520
159540
589800
159562
513300
159934
513590
518890
516310
560350
159366
512080
159776
159568
159506
513690
159595
513390
159993
159660
159350
513050
563390
159221
563020
513880
515790
159356
159235
159718
159358
159351
513090
159929
563860
513190
159887
159995
513020
159378
513360
588090
512660
512290
159323
513890
588290
159834
560530
159570
518680
159770
159501
512400
588000
560850
513700
562030
513820
159825
159502
159949
512500
159596
588890
511090
561230
159828
589900
563220
513910
513310
515070
159819
513600
159232
588700
159581
159681
563800
159980
515400
516820
588830
510900
513520
159303
159691
159636
513010
520600
589660
159996
588750
513560
513730
159741
560080
513260
513530
159742
159750
518800
159363
513980
513040
515030
159236
512980
588050
159360
159638
513870
159399
517520
511130
512020
516860
515250
159529
159957
159353
588190
159866
516780
159915
159892
520900
159977
159859
159865
513400
159781
589860
516150
159531
513290
159615
515230
563880
159682
513230
159516
513580
159948
159659
159952
515880
159217
588080
517900
513770
513180
516510
561560
515120
520550
159841
159539
515330
561980
159852
518660
588240
515650
159361
159755
515050
159530
512800
159352
520500
589680
159732
562510
563300
511380
159780
588730
159920
518860
588200
159655
588030
159592
159937
518600
515000
159557
513000
516110
513320
159509
513780
159339
159612
563500
512050
588120
513150
513630
588800
159766
159538
159329
511100
159222
513280
511180
518850
159632
513330
159559
588220
513920
512900
513220
512000
515700
159869
589630
513860
513970
513850
560050
159333
159850
