# 候选ETF - 5000万门槛 - 2025-06-28 18:02:21 - 共813个
159001
159150
159202
159206
159207
159208
159209
159211
159212
159213
159215
159216
159219
159220
159221
159225
159227
159229
159231
159236
159301
159302
159305
159306
159307
159309
159310
159312
159315
159318
159320
159321
159322
159325
159326
159327
159328
159331
159332
159333
159335
159336
159337
159350
159355
159357
159362
159367
159368
159370
159371
159373
159375
159376
159377
159378
159379
159380
159381
159382
159383
159386
159388
159390
159391
159392
159395
159396
159397
159398
159505
159507
159508
159510
159511
159512
159515
159517
159518
159519
159520
159521
159523
159525
159526
159527
159528
159532
159533
159535
159536
159537
159539
159541
159542
159543
159546
159547
159549
159551
159552
159553
159555
159556
159557
159558
159559
159560
159562
159563
159565
159566
159569
159571
159572
159573
159575
159576
159577
159578
159581
159582
159583
159586
159587
159588
159589
159590
159591
159592
159597
159599
159601
159602
159603
159606
159608
159609
159610
159613
159616
159617
159618
159619
159620
159621
159622
159623
159625
159627
159630
159631
159635
159637
159639
159640
159641
159642
159643
159645
159647
159649
159650
159652
159653
159656
159657
159658
159661
159662
159663
159665
159666
159667
159669
159670
159671
159672
159673
159675
159676
159677
159678
159679
159680
159681
159685
159686
159687
159689
159690
159692
159695
159697
159698
159701
159703
159706
159707
159708
159709
159711
159712
159713
159715
159716
159717
159719
159720
159721
159723
159725
159726
159728
159729
159730
159731
159736
159738
159739
159743
159745
159748
159752
159757
159758
159760
159761
159763
159767
159768
159773
159775
159777
159778
159779
159780
159782
159783
159786
159787
159788
159790
159791
159793
159795
159796
159797
159798
159800
159804
159805
159808
159810
159811
159812
159816
159820
159821
159822
159824
159825
159827
159828
159830
159831
159835
159836
159837
159838
159839
159840
159842
159843
159847
159848
159849
159850
159855
159856
159858
159861
159862
159864
159866
159867
159870
159871
159872
159873
159875
159876
159877
159880
159881
159883
159886
159888
159889
159890
159891
159895
159896
159898
159899
159902
159903
159906
159908
159910
159912
159913
159916
159918
159923
159930
159931
159933
159935
159936
159940
159944
159945
159948
159954
159956
159957
159958
159959
159961
159964
159965
159968
159969
159970
159971
159973
159974
159976
159977
159981
159982
159994
159997
510010
510040
510060
510090
510130
510160
510190
510200
510270
510290
510320
510350
510360
510370
510380
510390
510410
510510
510530
510550
510560
510570
510600
510650
510660
510680
510710
510770
510800
510810
510850
510950
510980
510990
511010
511070
511110
511160
511190
511200
511260
511360
511520
511580
511660
511700
511850
512090
512150
512180
512190
512220
512240
512250
512260
512280
512330
512360
512380
512510
512530
512550
512570
512580
512640
512650
512720
512730
512750
512770
512870
512900
512950
512960
512970
512990
513000
513030
513070
513080
513140
513150
513170
513210
513230
513320
513350
513590
513750
513800
513810
513830
513880
513900
513950
513990
515010
515020
515060
515090
515110
515130
515150
515160
515190
515200
515250
515260
515310
515320
515330
515350
515360
515380
515390
515530
515550
515560
515590
515600
515630
515650
515660
515680
515700
515710
515750
515760
515770
515800
515810
515850
515860
515900
515910
515920
515960
515990
516000
516020
516050
516060
516080
516100
516110
516120
516130
516180
516190
516200
516210
516220
516260
516270
516290
516310
516320
516330
516350
516360
516380
516390
516460
516480
516500
516520
516530
516550
516560
516570
516580
516590
516600
516610
516620
516630
516640
516650
516660
516670
516700
516710
516720
516730
516750
516760
516770
516790
516800
516810
516820
516830
516850
516880
516890
516900
516910
516920
516930
516950
516960
516970
516980
517000
517010
517030
517050
517080
517090
517100
517110
517120
517160
517170
517180
517200
517300
517330
517350
517360
517380
517390
517400
517550
517660
517770
517800
517850
517880
517900
517990
518860
518890
520520
520550
520580
520660
520890
530000
530050
530080
530180
530280
530300
530580
530680
530800
530880
560000
560020
560030
560050
560060
560070
560080
560100
560110
560150
560170
560180
560190
560220
560260
560280
560300
560330
560360
560380
560500
560520
560550
560560
560580
560590
560620
560630
560650
560660
560680
560690
560700
560750
560780
560800
560810
560820
560850
560860
560880
560890
560900
560950
560960
560980
560990
561000
561010
561060
561080
561100
561120
561130
561160
561170
561180
561190
561200
561230
561260
561280
561300
561310
561320
561330
561350
561360
561370
561380
561500
561510
561550
561560
561570
561580
561590
561600
561700
561760
561780
561790
561800
561870
561880
561900
561910
561920
561930
561950
561960
561980
561990
562000
562010
562060
562080
562260
562300
562310
562320
562330
562340
562350
562360
562380
562390
562510
562520
562530
562550
562560
562580
562590
562600
562660
562700
562800
562810
562820
562850
562860
562880
562890
562900
562910
562920
562930
562950
562960
562970
562990
563000
563010
563020
563030
563050
563090
563150
563180
563200
563210
563280
563350
563360
563520
563550
563650
563660
563680
563700
563770
563780
563860
563900
563990
588010
588020
588040
588070
588100
588110
588120
588150
588160
588170
588180
588210
588230
588240
588250
588260
588280
588300
588310
588320
588330
588350
588360
588370
588380
588390
588400
588450
588460
588500
588660
588680
588700
588720
588750
588770
588780
588810
588820
588830
588840
588850
588860
588870
588880
588890
588900
588910
588950
588960
588990
589010
589060
589080
589100
589300
589500
589520
589600
589660
589770
589880
589890
589980
589990
