# 通过筛选ETF - 5000万门槛 - 2025-06-28 18:02:21 - 共227个
159696
159201
562500
513120
588930
520990
513200
510720
159751
159628
513160
159567
512680
513060
513110
159607
563080
159611
562570
159605
520700
159699
159851
159330
159985
159359
512880
159998
159688
560510
515290
513130
159561
513650
159316
159338
560610
515980
159992
159593
513660
513550
159545
159792
159735
518880
159740
159513
520830
159857
516010
560090
588060
515170
589000
159540
589800
513300
159934
560350
159366
512080
159776
159568
159506
513690
159595
513390
159993
159660
513050
563390
515790
159356
159235
159718
159358
159351
513090
159929
513190
159887
159995
513020
513360
588090
512660
512290
159323
513890
588290
159834
560530
159570
518680
159770
159501
512400
588000
513700
562030
513820
159502
159949
512500
159596
511090
589900
563220
513910
513310
515070
159819
513600
159232
563800
159980
515400
510900
513520
159303
159691
159636
513010
520600
159996
513560
513730
159741
513260
513530
159742
159750
518800
159363
513980
513040
515030
512980
588050
159360
159638
513870
159399
517520
511130
512020
516860
159529
159353
588190
516780
159915
159892
520900
159859
159865
513400
159781
589860
516150
159531
513290
159615
515230
563880
159682
159516
513580
159659
159952
515880
159217
588080
513770
513180
516510
515120
159841
159852
518660
159361
159755
515050
159530
512800
159352
520500
589680
159732
563300
511380
588730
159920
588200
159655
588030
159937
518600
515000
159509
513780
159339
159612
563500
512050
513630
588800
159766
159538
159329
511100
159222
513280
511180
518850
159632
513330
588220
513920
513220
512000
159869
589630
513860
513970
513850
